24
8
53
10
14
44
8
6
33
4
20
2
11
6
26
1
6
10
13
9
36
5
18
0
12
11
5
10
6
32
4
5
20
16
16
0
24
37
0
17
5
4
4
7
0
23
16
2
6
20
12
11
22
18
1
12
0
19
22
2
0
2
27
27
5
32
4
28
6
32
6
10
10
7
0
0
11
3
23
3
14
21
0
3
36
0
22
5
25
13
7
8
37
37
25
0
25
0
14
28
0
27
24
34
11
4
0
15
11
5
11
29
0
0
31
9
14
6
15
4
5
3
5
7
16
7
28
21
0
16
1
0
15
3
0
0
7
5
0
4
26
0
0
0
0
3
2
9
12
21
0
35
3
0
6
13
23
2
10
13
4
0
5
0
11
0
0
18
0
2
3
0
23
5
0
16
27
3
17
23
0
3
0
0
22
0
16
0
16
3
6
6
0
0
8
7
25
2
0
17
30
1
2
22
5
0
8
0
13
15
1
15
11
30
0
18
0
18
3
28
16
22
6
2
27
0
0
2
0
1
23
11
2
0
0
14
35
7
11
4
22
6
0
17
17
20
2
2
9
3
0
9
7
36
0
34
13
15
14
0
3
0
10
0
7
12
3
11
17
16
34
10
1
10
27
30
23
2
28
32
13
6
27
5
11
22
8
16
10
14
2
2
28
7
0
1
11
9
19
41
14
0
6
6
1
7
12
20
3
15
28
5
22
15
20
7
0
15
22
25
28
5
17
38
3
2
0
0
23
0
26
0
13
8
7
12
24
25
6
14
21
1
0
7
0
15
11
4
29
2
11
34
7
21
19
14
9
4
30
3
18
1
16
17
19
39
0
35
15
0
1
10
27
10
4
0
12
5
2
8
6
9
32
0
3
3
16
3
12
2
41
9
24
4
18
2
5
4
0
28
0
4
14
0
27
4
12
25
0
28
